TAA 10%, fallid,,a partir del año, recuperación 83,66% un año más tarde.,,,,
Fecha de Pago,Amortización,Interés Bruto,Total,% Saldo Inicial,% Saldo Vivo,Saldo Vivo
09/06/2006,,,100.000,00,,,100.000,00
22/09/2006,3.127,13,892,50,4.019,63,3,13%,96,87%,96.872,87
22/12/2006,3.289,85,740,99,4.030,84,3,29%,93,58%,93.583,02
22/03/2007,3.175,37,707,96,3.883,33,3,18%,90,41%,90.407,65
22/06/2007,3.118,81,699,13,3.817,94,3,12%,87,29%,87.288,84
22/09/2007,3.099,20,675,01,3.774,21,3,10%,84,19%,84.189,64
22/12/2007,2.997,77,643,97,3.641,74,3,00%,81,19%,81.191,87
22/03/2008,2.905,29,621,04,3.526,33,2,91%,78,29%,78.286,58
22/06/2008,2.815,54,605,40,3.420,94,2,82%,75,47%,75.471,04
22/09/2008,2.728,09,583,63,3.311,72,2,73%,72,74%,72.742,95
22/12/2008,2.643,55,556,41,3.199,96,2,64%,70,10%,70.099,40
22/03/2009,2.561,38,530,30,3.091,68,2,56%,67,54%,67.538,02
22/06/2009,2.481,71,522,28,3.003,99,2,48%,65,06%,65.056,31
22/09/2009,2.404,19,503,09,2.907,28,2,40%,62,65%,62.652,12
22/12/2009,2.329,21,479,23,2.808,44,2,33%,60,32%,60.322,91
22/03/2010,2.256,26,456,34,2.712,60,2,26%,58,07%,58.066,65
22/06/2010,2.185,36,449,04,2.634,40,2,19%,55,88%,55.881,29
22/09/2010,2.116,51,432,14,2.548,65,2,12%,53,76%,53.764,78
22/12/2010,2.049,70,411,25,2.460,95,2,05%,51,72%,51.715,08
22/03/2011,1.984,17,391,22,2.375,39,1,98%,49,73%,49.730,91
22/06/2011,1.905,58,384,57,2.290,15,1,91%,47,83%,47.825,33
22/09/2011,1.722,55,369,84,2.092,39,1,72%,46,10%,46.102,78
22/12/2011,1.667,98,352,64,2.020,62,1,67%,44,43%,44.434,80
22/03/2012,1.614,79,339,88,1.954,67,1,61%,42,82%,42.820,01
22/06/2012,1.562,79,331,13,1.893,92,1,56%,41,26%,41.257,22
22/09/2012,1.512,72,319,05,1.831,77,1,51%,39,74%,39.744,50
22/12/2012,1.464,20,304,01,1.768,21,1,46%,38,28%,38.280,30
22/03/2013,1.416,49,289,59,1.706,08,1,42%,36,86%,36.863,81
22/06/2013,1.370,41,285,07,1.655,48,1,37%,35,49%,35.493,40
22/09/2013,1.325,66,274,47,1.600,13,1,33%,34,17%,34.167,74
22/12/2013,1.282,45,261,35,1.543,80,1,28%,32,89%,32.885,29
22/03/2014,1.240,79,248,78,1.489,57,1,24%,31,64%,31.644,50
22/06/2014,1.200,78,244,71,1.445,49,1,20%,30,44%,30.443,72
22/09/2014,1.161,51,235,42,1.396,93,1,16%,29,28%,29.282,21
22/12/2014,1.123,68,223,98,1.347,66,1,12%,28,16%,28.158,53
22/03/2015,1.085,45,213,02,1.298,47,1,09%,27,07%,27.073,08
22/06/2015,1.046,87,209,36,1.256,23,1,05%,26,03%,26.026,21
22/09/2015,1.009,96,201,26,1.211,22,1,01%,25,02%,25.016,25
22/12/2015,974,69,191,35,1.166,04,0,97%,24,04%,24.041,56
22/03/2016,940,16,183,90,1.124,06,0,94%,23,10%,23.101,40
22/06/2016,909,00,178,65,1.087,65,0,91%,22,19%,22.192,40
22/09/2016,879,10,171,62,1.050,72,0,88%,21,31%,21.313,30
22/12/2016,850,01,163,03,1.013,04,0,85%,20,46%,20.463,29
22/03/2017,820,87,154,80,975,67,0,82%,19,64%,19.642,42
22/06/2017,792,49,151,90,944,39,0,79%,18,85%,18.849,93
22/09/2017,764,82,145,77,910,59,0,76%,18,09%,18.085,11
22/12/2017,738,47,138,33,876,80,0,74%,17,35%,17.346,64
22/03/2018,712,98,131,23,844,21,0,71%,16,63%,16.633,66
22/06/2018,688,76,128,63,817,39,0,69%,15,94%,15.944,90
22/09/2018,665,38,123,30,788,68,0,67%,15,28%,15.279,52
22/12/2018,642,71,116,87,759,58,0,64%,14,64%,14.636,81
22/03/2019,620,97,110,73,731,70,0,62%,14,02%,14.015,84
22/06/2019,599,57,108,39,707,96,0,60%,13,42%,13.416,27
22/09/2019,579,00,103,75,682,75,0,58%,12,84%,12.837,27
22/12/2019,559,15,98,19,657,34,0,56%,12,28%,12.278,12
22/03/2020,537,28,93,92,631,20,0,54%,11,74%,11.740,84
22/06/2020,512,49,90,79,603,28,0,51%,11,23%,11.228,35
22/09/2020,488,40,86,83,575,23,0,49%,10,74%,10.739,95
22/12/2020,467,10,82,15,549,25,0,47%,10,27%,10.272,85
22/03/2021,447,41,77,71,525,12,0,45%,9,83%,9.825,44
22/06/2021,9.825,44,75,98,9.901,42,9,83%,0,00%,0,00
22/09/2021,0,00,0,00,0,00,0,00%,0,00%,0,00
22/12/2021,0,00,0,00,0,00,0,00%,0,00%,0,00
22/03/2022,0,00,0,00,0,00,0,00%,0,00%,0,00
22/06/2022,0,00,0,00,0,00,0,00%,0,00%,0,00
22/09/2022,0,00,0,00,0,00,0,00%,0,00%,0,00
22/12/2022,0,00,0,00,0,00,0,00%,0,00%,0,00
22/03/2023,0,00,0,00,0,00,0,00%,0,00%,0,00
22/06/2023,0,00,0,00,0,00,0,00%,0,00%,0,00
22/09/2023,0,00,0,00,0,00,0,00%,0,00%,0,00
22/12/2023,0,00,0,00,0,00,0,00%,0,00%,0,00
22/03/2024,0,00,0,00,0,00,0,00%,0,00%,0,00
22/06/2024,0,00,0,00,0,00,0,00%,0,00%,0,00
22/09/2024,0,00,0,00,0,00,0,00%,0,00%,0,00
22/12/2024,0,00,0,00,0,00,0,00%,0,00%,0,00
22/03/2025,0,00,0,00,0,00,0,00%,0,00%,0,00
22/06/2025,0,00,0,00,0,00,0,00%,0,00%,0,00
22/09/2025,0,00,0,00,0,00,0,00%,0,00%,0,00
22/12/2025,0,00,0,00,0,00,0,00%,0,00%,0,00
22/03/2026,0,00,0,00,0,00,0,00%,0,00%,0,00
22/06/2026,0,00,0,00,0,00,0,00%,0,00%,0,00
22/09/2026,0,00,0,00,0,00,0,00%,0,00%,0,00
22/12/2026,0,00,0,00,0,00,0,00%,0,00%,0,00
22/03/2027,0,00,0,00,0,00,0,00%,0,00%,0,00
22/06/2027,0,00,0,00,0,00,0,00%,0,00%,0,00
,,,,,,
,100.000,00,18.896,89,118.896,89,,,
